Circuit with 42 variables
total_wires = 66
secret_count = 1
output_count = 1
random_count = 12
share_count = 6
all_shares_mask = 63
contains_mults = 0
has_input_rands = 0
mult_count = 0
Dependencies:
  0: { [ 1 0 0 0 0 0 0 0 0 0 0 0 0 ] 1  }  [a0]
  1: { [ 2 0 0 0 0 0 0 0 0 0 0 0 0 ] 2  }  [a1]
  2: { [ 4 0 0 0 0 0 0 0 0 0 0 0 0 ] 4  }  [a2]
  3: { [ 8 0 0 0 0 0 0 0 0 0 0 0 0 ] 8  }  [a3]
  4: { [ 16 0 0 0 0 0 0 0 0 0 0 0 0 ] 16  }  [a4]
  5: { [ 32 0 0 0 0 0 0 0 0 0 0 0 0 ] 32  }  [a5]
  6: { [ 0 1 0 0 0 0 0 0 0 0 0 0 0 ] 0  }  [r0]
  7: { [ 0 0 1 0 0 0 0 0 0 0 0 0 0 ] 0  }  [r1]
  8: { [ 0 0 0 1 0 0 0 0 0 0 0 0 0 ] 0  }  [r2]
  9: { [ 0 0 0 0 1 0 0 0 0 0 0 0 0 ] 0  }  [r3]
 10: { [ 0 0 0 0 0 1 0 0 0 0 0 0 0 ] 0  }  [r4]
 11: { [ 0 0 0 0 0 0 1 0 0 0 0 0 0 ] 0  }  [r5]
 12: { [ 0 0 0 0 0 0 0 1 0 0 0 0 0 ] 0  }  [r6]
 13: { [ 0 0 0 0 0 0 0 0 1 0 0 0 0 ] 0  }  [r7]
 14: { [ 0 0 0 0 0 0 0 0 0 1 0 0 0 ] 0  }  [r8]
 15: { [ 0 0 0 0 0 0 0 0 0 0 1 0 0 ] 0  }  [r9]
 16: { [ 0 0 0 0 0 0 0 0 0 0 0 1 0 ] 0  }  [r10]
 17: { [ 0 0 0 0 0 0 0 0 0 0 0 0 1 ] 0  }  [r11]
 18: { [ 1 0 0 0 0 0 0 0 0 0 0 0 0 ]
       [ 0 1 0 0 0 0 0 0 0 0 0 0 0 ] 1  }  [j0]
 19: { [ 8 0 0 0 0 0 0 0 0 0 0 0 0 ]
       [ 0 1 0 0 0 0 0 0 0 0 0 0 0 ] 8  }  [j3]
 20: { [ 2 0 0 0 0 0 0 0 0 0 0 0 0 ]
       [ 0 0 1 0 0 0 0 0 0 0 0 0 0 ] 2  }  [j1]
 21: { [ 16 0 0 0 0 0 0 0 0 0 0 0 0 ]
       [ 0 0 1 0 0 0 0 0 0 0 0 0 0 ] 16  }  [j4]
 22: { [ 4 0 0 0 0 0 0 0 0 0 0 0 0 ]
       [ 0 0 0 1 0 0 0 0 0 0 0 0 0 ] 4  }  [j2]
 23: { [ 32 0 0 0 0 0 0 0 0 0 0 0 0 ]
       [ 0 0 0 1 0 0 0 0 0 0 0 0 0 ] 32  }  [j5]
 24: { [ 1 0 0 0 0 0 0 0 0 0 0 0 0 ]
       [ 0 1 0 0 0 0 0 0 0 0 0 0 0 ]
       [ 0 0 0 0 1 0 0 0 0 0 0 0 0 ] 1  }  [j0]
 25: { [ 2 0 0 0 0 0 0 0 0 0 0 0 0 ]
       [ 0 0 1 0 0 0 0 0 0 0 0 0 0 ]
       [ 0 0 0 0 1 0 0 0 0 0 0 0 0 ] 2  }  [j1]
 26: { [ 4 0 0 0 0 0 0 0 0 0 0 0 0 ]
       [ 0 0 0 1 0 0 0 0 0 0 0 0 0 ] 4  }  [j2]
 27: { [ 1 0 0 0 0 0 0 0 0 0 0 0 0 ]
       [ 0 1 0 0 0 0 0 0 0 0 0 0 0 ]
       [ 0 0 0 0 1 0 0 0 0 0 0 0 0 ] 1  }  [k0]
 28: { [ 2 0 0 0 0 0 0 0 0 0 0 0 0 ]
       [ 0 0 1 0 0 0 0 0 0 0 0 0 0 ]
       [ 0 0 0 0 1 0 0 0 0 0 0 0 0 ]
       [ 0 0 0 0 0 1 0 0 0 0 0 0 0 ] 2  }  [k1]
 29: { [ 4 0 0 0 0 0 0 0 0 0 0 0 0 ]
       [ 0 0 0 1 0 0 0 0 0 0 0 0 0 ]
       [ 0 0 0 0 0 1 0 0 0 0 0 0 0 ] 4  }  [k2]
 30: { [ 1 0 0 0 0 0 0 0 0 0 0 0 0 ]
       [ 0 1 0 0 0 0 0 0 0 0 0 0 0 ]
       [ 0 0 0 0 1 0 0 0 0 0 0 0 0 ]
       [ 0 0 0 0 0 0 1 0 0 0 0 0 0 ] 1  }  [k0]
 31: { [ 2 0 0 0 0 0 0 0 0 0 0 0 0 ]
       [ 0 0 1 0 0 0 0 0 0 0 0 0 0 ]
       [ 0 0 0 0 1 0 0 0 0 0 0 0 0 ]
       [ 0 0 0 0 0 1 0 0 0 0 0 0 0 ]
       [ 0 0 0 0 0 0 1 0 0 0 0 0 0 ] 2  }  [k1]
 32: { [ 4 0 0 0 0 0 0 0 0 0 0 0 0 ]
       [ 0 0 0 1 0 0 0 0 0 0 0 0 0 ]
       [ 0 0 0 0 0 1 0 0 0 0 0 0 0 ] 4  }  [k2]
 33: { [ 8 0 0 0 0 0 0 0 0 0 0 0 0 ]
       [ 0 1 0 0 0 0 0 0 0 0 0 0 0 ]
       [ 0 0 0 0 0 0 0 1 0 0 0 0 0 ] 8  }  [j3]
 34: { [ 16 0 0 0 0 0 0 0 0 0 0 0 0 ]
       [ 0 0 1 0 0 0 0 0 0 0 0 0 0 ]
       [ 0 0 0 0 0 0 0 1 0 0 0 0 0 ] 16  }  [j4]
 35: { [ 32 0 0 0 0 0 0 0 0 0 0 0 0 ]
       [ 0 0 0 1 0 0 0 0 0 0 0 0 0 ] 32  }  [j5]
 36: { [ 8 0 0 0 0 0 0 0 0 0 0 0 0 ]
       [ 0 1 0 0 0 0 0 0 0 0 0 0 0 ]
       [ 0 0 0 0 0 0 0 1 0 0 0 0 0 ] 8  }  [k3]
 37: { [ 16 0 0 0 0 0 0 0 0 0 0 0 0 ]
       [ 0 0 1 0 0 0 0 0 0 0 0 0 0 ]
       [ 0 0 0 0 0 0 0 1 0 0 0 0 0 ]
       [ 0 0 0 0 0 0 0 0 1 0 0 0 0 ] 16  }  [k4]
 38: { [ 32 0 0 0 0 0 0 0 0 0 0 0 0 ]
       [ 0 0 0 1 0 0 0 0 0 0 0 0 0 ]
       [ 0 0 0 0 0 0 0 0 1 0 0 0 0 ] 32  }  [k5]
 39: { [ 8 0 0 0 0 0 0 0 0 0 0 0 0 ]
       [ 0 1 0 0 0 0 0 0 0 0 0 0 0 ]
       [ 0 0 0 0 0 0 0 1 0 0 0 0 0 ]
       [ 0 0 0 0 0 0 0 0 0 1 0 0 0 ] 8  }  [k3]
 40: { [ 16 0 0 0 0 0 0 0 0 0 0 0 0 ]
       [ 0 0 1 0 0 0 0 0 0 0 0 0 0 ]
       [ 0 0 0 0 0 0 0 1 0 0 0 0 0 ]
       [ 0 0 0 0 0 0 0 0 1 0 0 0 0 ]
       [ 0 0 0 0 0 0 0 0 0 1 0 0 0 ] 16  }  [k4]
 41: { [ 32 0 0 0 0 0 0 0 0 0 0 0 0 ]
       [ 0 0 0 1 0 0 0 0 0 0 0 0 0 ]
       [ 0 0 0 0 0 0 0 0 1 0 0 0 0 ] 32  }  [k5]
 42: { [ 1 0 0 0 0 0 0 0 0 0 0 0 0 ]
       [ 0 1 0 0 0 0 0 0 0 0 0 0 0 ]
       [ 0 0 0 0 1 0 0 0 0 0 0 0 0 ]
       [ 0 0 0 0 0 0 1 0 0 0 0 0 0 ]
       [ 0 0 0 0 0 0 0 0 0 0 1 0 0 ] 1  }  [d0]
 43: { [ 8 0 0 0 0 0 0 0 0 0 0 0 0 ]
       [ 0 1 0 0 0 0 0 0 0 0 0 0 0 ]
       [ 0 0 0 0 0 0 0 1 0 0 0 0 0 ]
       [ 0 0 0 0 0 0 0 0 0 1 0 0 0 ]
       [ 0 0 0 0 0 0 0 0 0 0 1 0 0 ] 8  }  [d3]
 44: { [ 2 0 0 0 0 0 0 0 0 0 0 0 0 ]
       [ 0 0 1 0 0 0 0 0 0 0 0 0 0 ]
       [ 0 0 0 0 1 0 0 0 0 0 0 0 0 ]
       [ 0 0 0 0 0 1 0 0 0 0 0 0 0 ]
       [ 0 0 0 0 0 0 1 0 0 0 0 0 0 ]
       [ 0 0 0 0 0 0 0 0 0 0 0 1 0 ] 2  }  [d1]
 45: { [ 16 0 0 0 0 0 0 0 0 0 0 0 0 ]
       [ 0 0 1 0 0 0 0 0 0 0 0 0 0 ]
       [ 0 0 0 0 0 0 0 1 0 0 0 0 0 ]
       [ 0 0 0 0 0 0 0 0 1 0 0 0 0 ]
       [ 0 0 0 0 0 0 0 0 0 1 0 0 0 ]
       [ 0 0 0 0 0 0 0 0 0 0 0 1 0 ] 16  }  [d4]
 46: { [ 4 0 0 0 0 0 0 0 0 0 0 0 0 ]
       [ 0 0 0 1 0 0 0 0 0 0 0 0 0 ]
       [ 0 0 0 0 0 1 0 0 0 0 0 0 0 ]
       [ 0 0 0 0 0 0 0 0 0 0 0 0 1 ] 4  }  [d2]
 47: { [ 32 0 0 0 0 0 0 0 0 0 0 0 0 ]
       [ 0 0 0 1 0 0 0 0 0 0 0 0 0 ]
       [ 0 0 0 0 0 0 0 0 1 0 0 0 0 ]
       [ 0 0 0 0 0 0 0 0 0 0 0 0 1 ] 32  }  [d5]
Gadget with 1 input(s),  1 output(s),  6 share(s)
Total number of intermediate variables : 42
Total number of variables : 48
Total number of Wires : 66

Size 1: 0 tuples
Size 2: 0 tuples
Size 3: 0 tuples
Size 4: 0 tuples
Size 5: 0 tuples
Gadget is 5-NI.


Verification completed in 0 min 0 sec.
