Circuit with 60 variables
total_wires = 100
secret_count = 1
output_count = 1
random_count = 20
share_count = 8
all_shares_mask = 255
contains_mults = 0
has_input_rands = 0
mult_count = 0
Dependencies:
  0: { [ 1 0 0 0 0 0 0 0 0 0 0 0 0 0 0 0 0 0 0 0 0 ] 1  }  [a0]
  1: { [ 2 0 0 0 0 0 0 0 0 0 0 0 0 0 0 0 0 0 0 0 0 ] 2  }  [a1]
  2: { [ 4 0 0 0 0 0 0 0 0 0 0 0 0 0 0 0 0 0 0 0 0 ] 4  }  [a2]
  3: { [ 8 0 0 0 0 0 0 0 0 0 0 0 0 0 0 0 0 0 0 0 0 ] 8  }  [a3]
  4: { [ 16 0 0 0 0 0 0 0 0 0 0 0 0 0 0 0 0 0 0 0 0 ] 16  }  [a4]
  5: { [ 32 0 0 0 0 0 0 0 0 0 0 0 0 0 0 0 0 0 0 0 0 ] 32  }  [a5]
  6: { [ 64 0 0 0 0 0 0 0 0 0 0 0 0 0 0 0 0 0 0 0 0 ] 64  }  [a6]
  7: { [ 128 0 0 0 0 0 0 0 0 0 0 0 0 0 0 0 0 0 0 0 0 ] 128  }  [a7]
  8: { [ 0 1 0 0 0 0 0 0 0 0 0 0 0 0 0 0 0 0 0 0 0 ] 0  }  [r0]
  9: { [ 0 0 1 0 0 0 0 0 0 0 0 0 0 0 0 0 0 0 0 0 0 ] 0  }  [r1]
 10: { [ 0 0 0 1 0 0 0 0 0 0 0 0 0 0 0 0 0 0 0 0 0 ] 0  }  [r2]
 11: { [ 0 0 0 0 1 0 0 0 0 0 0 0 0 0 0 0 0 0 0 0 0 ] 0  }  [r3]
 12: { [ 0 0 0 0 0 1 0 0 0 0 0 0 0 0 0 0 0 0 0 0 0 ] 0  }  [r4]
 13: { [ 0 0 0 0 0 0 1 0 0 0 0 0 0 0 0 0 0 0 0 0 0 ] 0  }  [r5]
 14: { [ 0 0 0 0 0 0 0 1 0 0 0 0 0 0 0 0 0 0 0 0 0 ] 0  }  [r6]
 15: { [ 0 0 0 0 0 0 0 0 1 0 0 0 0 0 0 0 0 0 0 0 0 ] 0  }  [r7]
 16: { [ 0 0 0 0 0 0 0 0 0 1 0 0 0 0 0 0 0 0 0 0 0 ] 0  }  [r8]
 17: { [ 0 0 0 0 0 0 0 0 0 0 1 0 0 0 0 0 0 0 0 0 0 ] 0  }  [r9]
 18: { [ 0 0 0 0 0 0 0 0 0 0 0 1 0 0 0 0 0 0 0 0 0 ] 0  }  [r10]
 19: { [ 0 0 0 0 0 0 0 0 0 0 0 0 1 0 0 0 0 0 0 0 0 ] 0  }  [r11]
 20: { [ 0 0 0 0 0 0 0 0 0 0 0 0 0 1 0 0 0 0 0 0 0 ] 0  }  [r12]
 21: { [ 0 0 0 0 0 0 0 0 0 0 0 0 0 0 1 0 0 0 0 0 0 ] 0  }  [r13]
 22: { [ 0 0 0 0 0 0 0 0 0 0 0 0 0 0 0 1 0 0 0 0 0 ] 0  }  [r14]
 23: { [ 0 0 0 0 0 0 0 0 0 0 0 0 0 0 0 0 1 0 0 0 0 ] 0  }  [r15]
 24: { [ 0 0 0 0 0 0 0 0 0 0 0 0 0 0 0 0 0 1 0 0 0 ] 0  }  [r16]
 25: { [ 0 0 0 0 0 0 0 0 0 0 0 0 0 0 0 0 0 0 1 0 0 ] 0  }  [r17]
 26: { [ 0 0 0 0 0 0 0 0 0 0 0 0 0 0 0 0 0 0 0 1 0 ] 0  }  [r18]
 27: { [ 0 0 0 0 0 0 0 0 0 0 0 0 0 0 0 0 0 0 0 0 1 ] 0  }  [r19]
 28: { [ 1 0 0 0 0 0 0 0 0 0 0 0 0 0 0 0 0 0 0 0 0 ]
       [ 0 1 0 0 0 0 0 0 0 0 0 0 0 0 0 0 0 0 0 0 0 ] 1  }  [j0]
 29: { [ 16 0 0 0 0 0 0 0 0 0 0 0 0 0 0 0 0 0 0 0 0 ]
       [ 0 1 0 0 0 0 0 0 0 0 0 0 0 0 0 0 0 0 0 0 0 ] 16  }  [j4]
 30: { [ 2 0 0 0 0 0 0 0 0 0 0 0 0 0 0 0 0 0 0 0 0 ]
       [ 0 0 1 0 0 0 0 0 0 0 0 0 0 0 0 0 0 0 0 0 0 ] 2  }  [j1]
 31: { [ 32 0 0 0 0 0 0 0 0 0 0 0 0 0 0 0 0 0 0 0 0 ]
       [ 0 0 1 0 0 0 0 0 0 0 0 0 0 0 0 0 0 0 0 0 0 ] 32  }  [j5]
 32: { [ 4 0 0 0 0 0 0 0 0 0 0 0 0 0 0 0 0 0 0 0 0 ]
       [ 0 0 0 1 0 0 0 0 0 0 0 0 0 0 0 0 0 0 0 0 0 ] 4  }  [j2]
 33: { [ 64 0 0 0 0 0 0 0 0 0 0 0 0 0 0 0 0 0 0 0 0 ]
       [ 0 0 0 1 0 0 0 0 0 0 0 0 0 0 0 0 0 0 0 0 0 ] 64  }  [j6]
 34: { [ 8 0 0 0 0 0 0 0 0 0 0 0 0 0 0 0 0 0 0 0 0 ]
       [ 0 0 0 0 1 0 0 0 0 0 0 0 0 0 0 0 0 0 0 0 0 ] 8  }  [j3]
 35: { [ 128 0 0 0 0 0 0 0 0 0 0 0 0 0 0 0 0 0 0 0 0 ]
       [ 0 0 0 0 1 0 0 0 0 0 0 0 0 0 0 0 0 0 0 0 0 ] 128  }  [j7]
 36: { [ 1 0 0 0 0 0 0 0 0 0 0 0 0 0 0 0 0 0 0 0 0 ]
       [ 0 1 0 0 0 0 0 0 0 0 0 0 0 0 0 0 0 0 0 0 0 ]
       [ 0 0 0 0 0 1 0 0 0 0 0 0 0 0 0 0 0 0 0 0 0 ] 1  }  [j0]
 37: { [ 4 0 0 0 0 0 0 0 0 0 0 0 0 0 0 0 0 0 0 0 0 ]
       [ 0 0 0 1 0 0 0 0 0 0 0 0 0 0 0 0 0 0 0 0 0 ]
       [ 0 0 0 0 0 1 0 0 0 0 0 0 0 0 0 0 0 0 0 0 0 ] 4  }  [j2]
 38: { [ 2 0 0 0 0 0 0 0 0 0 0 0 0 0 0 0 0 0 0 0 0 ]
       [ 0 0 1 0 0 0 0 0 0 0 0 0 0 0 0 0 0 0 0 0 0 ]
       [ 0 0 0 0 0 0 1 0 0 0 0 0 0 0 0 0 0 0 0 0 0 ] 2  }  [j1]
 39: { [ 8 0 0 0 0 0 0 0 0 0 0 0 0 0 0 0 0 0 0 0 0 ]
       [ 0 0 0 0 1 0 0 0 0 0 0 0 0 0 0 0 0 0 0 0 0 ]
       [ 0 0 0 0 0 0 1 0 0 0 0 0 0 0 0 0 0 0 0 0 0 ] 8  }  [j3]
 40: { [ 1 0 0 0 0 0 0 0 0 0 0 0 0 0 0 0 0 0 0 0 0 ]
       [ 0 1 0 0 0 0 0 0 0 0 0 0 0 0 0 0 0 0 0 0 0 ]
       [ 0 0 0 0 0 1 0 0 0 0 0 0 0 0 0 0 0 0 0 0 0 ]
       [ 0 0 0 0 0 0 0 1 0 0 0 0 0 0 0 0 0 0 0 0 0 ] 1  }  [k0]
 41: { [ 2 0 0 0 0 0 0 0 0 0 0 0 0 0 0 0 0 0 0 0 0 ]
       [ 0 0 1 0 0 0 0 0 0 0 0 0 0 0 0 0 0 0 0 0 0 ]
       [ 0 0 0 0 0 0 1 0 0 0 0 0 0 0 0 0 0 0 0 0 0 ]
       [ 0 0 0 0 0 0 0 1 0 0 0 0 0 0 0 0 0 0 0 0 0 ] 2  }  [k1]
 42: { [ 4 0 0 0 0 0 0 0 0 0 0 0 0 0 0 0 0 0 0 0 0 ]
       [ 0 0 0 1 0 0 0 0 0 0 0 0 0 0 0 0 0 0 0 0 0 ]
       [ 0 0 0 0 0 1 0 0 0 0 0 0 0 0 0 0 0 0 0 0 0 ]
       [ 0 0 0 0 0 0 0 0 1 0 0 0 0 0 0 0 0 0 0 0 0 ] 4  }  [k2]
 43: { [ 8 0 0 0 0 0 0 0 0 0 0 0 0 0 0 0 0 0 0 0 0 ]
       [ 0 0 0 0 1 0 0 0 0 0 0 0 0 0 0 0 0 0 0 0 0 ]
       [ 0 0 0 0 0 0 1 0 0 0 0 0 0 0 0 0 0 0 0 0 0 ]
       [ 0 0 0 0 0 0 0 0 1 0 0 0 0 0 0 0 0 0 0 0 0 ] 8  }  [k3]
 44: { [ 1 0 0 0 0 0 0 0 0 0 0 0 0 0 0 0 0 0 0 0 0 ]
       [ 0 1 0 0 0 0 0 0 0 0 0 0 0 0 0 0 0 0 0 0 0 ]
       [ 0 0 0 0 0 1 0 0 0 0 0 0 0 0 0 0 0 0 0 0 0 ]
       [ 0 0 0 0 0 0 0 1 0 0 0 0 0 0 0 0 0 0 0 0 0 ]
       [ 0 0 0 0 0 0 0 0 0 1 0 0 0 0 0 0 0 0 0 0 0 ] 1  }  [k0]
 45: { [ 4 0 0 0 0 0 0 0 0 0 0 0 0 0 0 0 0 0 0 0 0 ]
       [ 0 0 0 1 0 0 0 0 0 0 0 0 0 0 0 0 0 0 0 0 0 ]
       [ 0 0 0 0 0 1 0 0 0 0 0 0 0 0 0 0 0 0 0 0 0 ]
       [ 0 0 0 0 0 0 0 0 1 0 0 0 0 0 0 0 0 0 0 0 0 ]
       [ 0 0 0 0 0 0 0 0 0 1 0 0 0 0 0 0 0 0 0 0 0 ] 4  }  [k2]
 46: { [ 2 0 0 0 0 0 0 0 0 0 0 0 0 0 0 0 0 0 0 0 0 ]
       [ 0 0 1 0 0 0 0 0 0 0 0 0 0 0 0 0 0 0 0 0 0 ]
       [ 0 0 0 0 0 0 1 0 0 0 0 0 0 0 0 0 0 0 0 0 0 ]
       [ 0 0 0 0 0 0 0 1 0 0 0 0 0 0 0 0 0 0 0 0 0 ]
       [ 0 0 0 0 0 0 0 0 0 0 1 0 0 0 0 0 0 0 0 0 0 ] 2  }  [k1]
 47: { [ 8 0 0 0 0 0 0 0 0 0 0 0 0 0 0 0 0 0 0 0 0 ]
       [ 0 0 0 0 1 0 0 0 0 0 0 0 0 0 0 0 0 0 0 0 0 ]
       [ 0 0 0 0 0 0 1 0 0 0 0 0 0 0 0 0 0 0 0 0 0 ]
       [ 0 0 0 0 0 0 0 0 1 0 0 0 0 0 0 0 0 0 0 0 0 ]
       [ 0 0 0 0 0 0 0 0 0 0 1 0 0 0 0 0 0 0 0 0 0 ] 8  }  [k3]
 48: { [ 16 0 0 0 0 0 0 0 0 0 0 0 0 0 0 0 0 0 0 0 0 ]
       [ 0 1 0 0 0 0 0 0 0 0 0 0 0 0 0 0 0 0 0 0 0 ]
       [ 0 0 0 0 0 0 0 0 0 0 0 1 0 0 0 0 0 0 0 0 0 ] 16  }  [j4]
 49: { [ 64 0 0 0 0 0 0 0 0 0 0 0 0 0 0 0 0 0 0 0 0 ]
       [ 0 0 0 1 0 0 0 0 0 0 0 0 0 0 0 0 0 0 0 0 0 ]
       [ 0 0 0 0 0 0 0 0 0 0 0 1 0 0 0 0 0 0 0 0 0 ] 64  }  [j6]
 50: { [ 32 0 0 0 0 0 0 0 0 0 0 0 0 0 0 0 0 0 0 0 0 ]
       [ 0 0 1 0 0 0 0 0 0 0 0 0 0 0 0 0 0 0 0 0 0 ]
       [ 0 0 0 0 0 0 0 0 0 0 0 0 1 0 0 0 0 0 0 0 0 ] 32  }  [j5]
 51: { [ 128 0 0 0 0 0 0 0 0 0 0 0 0 0 0 0 0 0 0 0 0 ]
       [ 0 0 0 0 1 0 0 0 0 0 0 0 0 0 0 0 0 0 0 0 0 ]
       [ 0 0 0 0 0 0 0 0 0 0 0 0 1 0 0 0 0 0 0 0 0 ] 128  }  [j7]
 52: { [ 16 0 0 0 0 0 0 0 0 0 0 0 0 0 0 0 0 0 0 0 0 ]
       [ 0 1 0 0 0 0 0 0 0 0 0 0 0 0 0 0 0 0 0 0 0 ]
       [ 0 0 0 0 0 0 0 0 0 0 0 1 0 0 0 0 0 0 0 0 0 ]
       [ 0 0 0 0 0 0 0 0 0 0 0 0 0 1 0 0 0 0 0 0 0 ] 16  }  [k4]
 53: { [ 32 0 0 0 0 0 0 0 0 0 0 0 0 0 0 0 0 0 0 0 0 ]
       [ 0 0 1 0 0 0 0 0 0 0 0 0 0 0 0 0 0 0 0 0 0 ]
       [ 0 0 0 0 0 0 0 0 0 0 0 0 1 0 0 0 0 0 0 0 0 ]
       [ 0 0 0 0 0 0 0 0 0 0 0 0 0 1 0 0 0 0 0 0 0 ] 32  }  [k5]
 54: { [ 64 0 0 0 0 0 0 0 0 0 0 0 0 0 0 0 0 0 0 0 0 ]
       [ 0 0 0 1 0 0 0 0 0 0 0 0 0 0 0 0 0 0 0 0 0 ]
       [ 0 0 0 0 0 0 0 0 0 0 0 1 0 0 0 0 0 0 0 0 0 ]
       [ 0 0 0 0 0 0 0 0 0 0 0 0 0 0 1 0 0 0 0 0 0 ] 64  }  [k6]
 55: { [ 128 0 0 0 0 0 0 0 0 0 0 0 0 0 0 0 0 0 0 0 0 ]
       [ 0 0 0 0 1 0 0 0 0 0 0 0 0 0 0 0 0 0 0 0 0 ]
       [ 0 0 0 0 0 0 0 0 0 0 0 0 1 0 0 0 0 0 0 0 0 ]
       [ 0 0 0 0 0 0 0 0 0 0 0 0 0 0 1 0 0 0 0 0 0 ] 128  }  [k7]
 56: { [ 16 0 0 0 0 0 0 0 0 0 0 0 0 0 0 0 0 0 0 0 0 ]
       [ 0 1 0 0 0 0 0 0 0 0 0 0 0 0 0 0 0 0 0 0 0 ]
       [ 0 0 0 0 0 0 0 0 0 0 0 1 0 0 0 0 0 0 0 0 0 ]
       [ 0 0 0 0 0 0 0 0 0 0 0 0 0 1 0 0 0 0 0 0 0 ]
       [ 0 0 0 0 0 0 0 0 0 0 0 0 0 0 0 1 0 0 0 0 0 ] 16  }  [k4]
 57: { [ 64 0 0 0 0 0 0 0 0 0 0 0 0 0 0 0 0 0 0 0 0 ]
       [ 0 0 0 1 0 0 0 0 0 0 0 0 0 0 0 0 0 0 0 0 0 ]
       [ 0 0 0 0 0 0 0 0 0 0 0 1 0 0 0 0 0 0 0 0 0 ]
       [ 0 0 0 0 0 0 0 0 0 0 0 0 0 0 1 0 0 0 0 0 0 ]
       [ 0 0 0 0 0 0 0 0 0 0 0 0 0 0 0 1 0 0 0 0 0 ] 64  }  [k6]
 58: { [ 32 0 0 0 0 0 0 0 0 0 0 0 0 0 0 0 0 0 0 0 0 ]
       [ 0 0 1 0 0 0 0 0 0 0 0 0 0 0 0 0 0 0 0 0 0 ]
       [ 0 0 0 0 0 0 0 0 0 0 0 0 1 0 0 0 0 0 0 0 0 ]
       [ 0 0 0 0 0 0 0 0 0 0 0 0 0 1 0 0 0 0 0 0 0 ]
       [ 0 0 0 0 0 0 0 0 0 0 0 0 0 0 0 0 1 0 0 0 0 ] 32  }  [k5]
 59: { [ 128 0 0 0 0 0 0 0 0 0 0 0 0 0 0 0 0 0 0 0 0 ]
       [ 0 0 0 0 1 0 0 0 0 0 0 0 0 0 0 0 0 0 0 0 0 ]
       [ 0 0 0 0 0 0 0 0 0 0 0 0 1 0 0 0 0 0 0 0 0 ]
       [ 0 0 0 0 0 0 0 0 0 0 0 0 0 0 1 0 0 0 0 0 0 ]
       [ 0 0 0 0 0 0 0 0 0 0 0 0 0 0 0 0 1 0 0 0 0 ] 128  }  [k7]
 60: { [ 1 0 0 0 0 0 0 0 0 0 0 0 0 0 0 0 0 0 0 0 0 ]
       [ 0 1 0 0 0 0 0 0 0 0 0 0 0 0 0 0 0 0 0 0 0 ]
       [ 0 0 0 0 0 1 0 0 0 0 0 0 0 0 0 0 0 0 0 0 0 ]
       [ 0 0 0 0 0 0 0 1 0 0 0 0 0 0 0 0 0 0 0 0 0 ]
       [ 0 0 0 0 0 0 0 0 0 1 0 0 0 0 0 0 0 0 0 0 0 ]
       [ 0 0 0 0 0 0 0 0 0 0 0 0 0 0 0 0 0 1 0 0 0 ] 1  }  [d0]
 61: { [ 16 0 0 0 0 0 0 0 0 0 0 0 0 0 0 0 0 0 0 0 0 ]
       [ 0 1 0 0 0 0 0 0 0 0 0 0 0 0 0 0 0 0 0 0 0 ]
       [ 0 0 0 0 0 0 0 0 0 0 0 1 0 0 0 0 0 0 0 0 0 ]
       [ 0 0 0 0 0 0 0 0 0 0 0 0 0 1 0 0 0 0 0 0 0 ]
       [ 0 0 0 0 0 0 0 0 0 0 0 0 0 0 0 1 0 0 0 0 0 ]
       [ 0 0 0 0 0 0 0 0 0 0 0 0 0 0 0 0 0 1 0 0 0 ] 16  }  [d4]
 62: { [ 2 0 0 0 0 0 0 0 0 0 0 0 0 0 0 0 0 0 0 0 0 ]
       [ 0 0 1 0 0 0 0 0 0 0 0 0 0 0 0 0 0 0 0 0 0 ]
       [ 0 0 0 0 0 0 1 0 0 0 0 0 0 0 0 0 0 0 0 0 0 ]
       [ 0 0 0 0 0 0 0 1 0 0 0 0 0 0 0 0 0 0 0 0 0 ]
       [ 0 0 0 0 0 0 0 0 0 0 1 0 0 0 0 0 0 0 0 0 0 ]
       [ 0 0 0 0 0 0 0 0 0 0 0 0 0 0 0 0 0 0 1 0 0 ] 2  }  [d1]
 63: { [ 32 0 0 0 0 0 0 0 0 0 0 0 0 0 0 0 0 0 0 0 0 ]
       [ 0 0 1 0 0 0 0 0 0 0 0 0 0 0 0 0 0 0 0 0 0 ]
       [ 0 0 0 0 0 0 0 0 0 0 0 0 1 0 0 0 0 0 0 0 0 ]
       [ 0 0 0 0 0 0 0 0 0 0 0 0 0 1 0 0 0 0 0 0 0 ]
       [ 0 0 0 0 0 0 0 0 0 0 0 0 0 0 0 0 1 0 0 0 0 ]
       [ 0 0 0 0 0 0 0 0 0 0 0 0 0 0 0 0 0 0 1 0 0 ] 32  }  [d5]
 64: { [ 4 0 0 0 0 0 0 0 0 0 0 0 0 0 0 0 0 0 0 0 0 ]
       [ 0 0 0 1 0 0 0 0 0 0 0 0 0 0 0 0 0 0 0 0 0 ]
       [ 0 0 0 0 0 1 0 0 0 0 0 0 0 0 0 0 0 0 0 0 0 ]
       [ 0 0 0 0 0 0 0 0 1 0 0 0 0 0 0 0 0 0 0 0 0 ]
       [ 0 0 0 0 0 0 0 0 0 1 0 0 0 0 0 0 0 0 0 0 0 ]
       [ 0 0 0 0 0 0 0 0 0 0 0 0 0 0 0 0 0 0 0 1 0 ] 4  }  [d2]
 65: { [ 64 0 0 0 0 0 0 0 0 0 0 0 0 0 0 0 0 0 0 0 0 ]
       [ 0 0 0 1 0 0 0 0 0 0 0 0 0 0 0 0 0 0 0 0 0 ]
       [ 0 0 0 0 0 0 0 0 0 0 0 1 0 0 0 0 0 0 0 0 0 ]
       [ 0 0 0 0 0 0 0 0 0 0 0 0 0 0 1 0 0 0 0 0 0 ]
       [ 0 0 0 0 0 0 0 0 0 0 0 0 0 0 0 1 0 0 0 0 0 ]
       [ 0 0 0 0 0 0 0 0 0 0 0 0 0 0 0 0 0 0 0 1 0 ] 64  }  [d6]
 66: { [ 8 0 0 0 0 0 0 0 0 0 0 0 0 0 0 0 0 0 0 0 0 ]
       [ 0 0 0 0 1 0 0 0 0 0 0 0 0 0 0 0 0 0 0 0 0 ]
       [ 0 0 0 0 0 0 1 0 0 0 0 0 0 0 0 0 0 0 0 0 0 ]
       [ 0 0 0 0 0 0 0 0 1 0 0 0 0 0 0 0 0 0 0 0 0 ]
       [ 0 0 0 0 0 0 0 0 0 0 1 0 0 0 0 0 0 0 0 0 0 ]
       [ 0 0 0 0 0 0 0 0 0 0 0 0 0 0 0 0 0 0 0 0 1 ] 8  }  [d3]
 67: { [ 128 0 0 0 0 0 0 0 0 0 0 0 0 0 0 0 0 0 0 0 0 ]
       [ 0 0 0 0 1 0 0 0 0 0 0 0 0 0 0 0 0 0 0 0 0 ]
       [ 0 0 0 0 0 0 0 0 0 0 0 0 1 0 0 0 0 0 0 0 0 ]
       [ 0 0 0 0 0 0 0 0 0 0 0 0 0 0 1 0 0 0 0 0 0 ]
       [ 0 0 0 0 0 0 0 0 0 0 0 0 0 0 0 0 1 0 0 0 0 ]
       [ 0 0 0 0 0 0 0 0 0 0 0 0 0 0 0 0 0 0 0 0 1 ] 128  }  [d7]
Gadget with 1 input(s),  1 output(s),  8 share(s)
Total number of intermediate variables : 60
Total number of variables : 68
Total number of Wires : 100

Size 1: 0 tuples
Size 2: 0 tuples
Size 3: 0 tuples
Size 4: 0 tuples
Size 5: 0 tuples
Size 6: 0 tuples
Size 7: 0 tuples
Gadget is 7-NI.


Verification completed in 0 min 0 sec.
