Circuit with 50 variables
total_wires = 80
secret_count = 1
output_count = 1
random_count = 15
share_count = 7
all_shares_mask = 127
contains_mults = 0
has_input_rands = 0
mult_count = 0
Dependencies:
  0: { [ 1 0 0 0 0 0 0 0 0 0 0 0 0 0 0 0 ] 1  }  [a0]
  1: { [ 2 0 0 0 0 0 0 0 0 0 0 0 0 0 0 0 ] 2  }  [a1]
  2: { [ 4 0 0 0 0 0 0 0 0 0 0 0 0 0 0 0 ] 4  }  [a2]
  3: { [ 8 0 0 0 0 0 0 0 0 0 0 0 0 0 0 0 ] 8  }  [a3]
  4: { [ 16 0 0 0 0 0 0 0 0 0 0 0 0 0 0 0 ] 16  }  [a4]
  5: { [ 32 0 0 0 0 0 0 0 0 0 0 0 0 0 0 0 ] 32  }  [a5]
  6: { [ 64 0 0 0 0 0 0 0 0 0 0 0 0 0 0 0 ] 64  }  [a6]
  7: { [ 0 1 0 0 0 0 0 0 0 0 0 0 0 0 0 0 ] 0  }  [r0]
  8: { [ 0 0 1 0 0 0 0 0 0 0 0 0 0 0 0 0 ] 0  }  [r1]
  9: { [ 0 0 0 1 0 0 0 0 0 0 0 0 0 0 0 0 ] 0  }  [r2]
 10: { [ 0 0 0 0 1 0 0 0 0 0 0 0 0 0 0 0 ] 0  }  [r3]
 11: { [ 0 0 0 0 0 1 0 0 0 0 0 0 0 0 0 0 ] 0  }  [r4]
 12: { [ 0 0 0 0 0 0 1 0 0 0 0 0 0 0 0 0 ] 0  }  [r5]
 13: { [ 0 0 0 0 0 0 0 1 0 0 0 0 0 0 0 0 ] 0  }  [r6]
 14: { [ 0 0 0 0 0 0 0 0 1 0 0 0 0 0 0 0 ] 0  }  [r7]
 15: { [ 0 0 0 0 0 0 0 0 0 1 0 0 0 0 0 0 ] 0  }  [r8]
 16: { [ 0 0 0 0 0 0 0 0 0 0 1 0 0 0 0 0 ] 0  }  [r9]
 17: { [ 0 0 0 0 0 0 0 0 0 0 0 1 0 0 0 0 ] 0  }  [r10]
 18: { [ 0 0 0 0 0 0 0 0 0 0 0 0 1 0 0 0 ] 0  }  [r11]
 19: { [ 0 0 0 0 0 0 0 0 0 0 0 0 0 1 0 0 ] 0  }  [r12]
 20: { [ 0 0 0 0 0 0 0 0 0 0 0 0 0 0 1 0 ] 0  }  [r13]
 21: { [ 0 0 0 0 0 0 0 0 0 0 0 0 0 0 0 1 ] 0  }  [r14]
 22: { [ 1 1 0 0 0 0 0 0 0 0 0 0 0 0 0 0 ] 1  }  [j0]
 23: { [ 8 1 0 0 0 0 0 0 0 0 0 0 0 0 0 0 ] 8  }  [j3]
 24: { [ 2 0 1 0 0 0 0 0 0 0 0 0 0 0 0 0 ] 2  }  [j1]
 25: { [ 16 0 1 0 0 0 0 0 0 0 0 0 0 0 0 0 ] 16  }  [j4]
 26: { [ 4 0 0 1 0 0 0 0 0 0 0 0 0 0 0 0 ] 4  }  [j2]
 27: { [ 32 0 0 1 0 0 0 0 0 0 0 0 0 0 0 0 ] 32  }  [j5]
 28: { [ 64 0 0 0 0 0 0 0 0 0 0 0 0 0 0 0 ] 64  }  [j6]
 29: { [ 1 1 0 0 1 0 0 0 0 0 0 0 0 0 0 0 ] 1  }  [j0]
 30: { [ 2 0 1 0 1 0 0 0 0 0 0 0 0 0 0 0 ] 2  }  [j1]
 31: { [ 4 0 0 1 0 0 0 0 0 0 0 0 0 0 0 0 ] 4  }  [j2]
 32: { [ 1 1 0 0 1 0 0 0 0 0 0 0 0 0 0 0 ] 1  }  [k0]
 33: { [ 2 0 1 0 1 1 0 0 0 0 0 0 0 0 0 0 ] 2  }  [k1]
 34: { [ 4 0 0 1 0 1 0 0 0 0 0 0 0 0 0 0 ] 4  }  [k2]
 35: { [ 1 1 0 0 1 0 1 0 0 0 0 0 0 0 0 0 ] 1  }  [k0]
 36: { [ 2 0 1 0 1 1 1 0 0 0 0 0 0 0 0 0 ] 2  }  [k1]
 37: { [ 4 0 0 1 0 1 0 0 0 0 0 0 0 0 0 0 ] 4  }  [k2]
 38: { [ 8 1 0 0 0 0 0 1 0 0 0 0 0 0 0 0 ] 8  }  [j3]
 39: { [ 32 0 0 1 0 0 0 1 0 0 0 0 0 0 0 0 ] 32  }  [j5]
 40: { [ 16 0 1 0 0 0 0 0 1 0 0 0 0 0 0 0 ] 16  }  [j4]
 41: { [ 64 0 0 0 0 0 0 0 1 0 0 0 0 0 0 0 ] 64  }  [j6]
 42: { [ 8 1 0 0 0 0 0 1 0 1 0 0 0 0 0 0 ] 8  }  [k3]
 43: { [ 16 0 1 0 0 0 0 0 1 1 0 0 0 0 0 0 ] 16  }  [k4]
 44: { [ 32 0 0 1 0 0 0 1 0 0 1 0 0 0 0 0 ] 32  }  [k5]
 45: { [ 64 0 0 0 0 0 0 0 1 0 1 0 0 0 0 0 ] 64  }  [k6]
 46: { [ 8 1 0 0 0 0 0 1 0 1 0 1 0 0 0 0 ] 8  }  [k3]
 47: { [ 32 0 0 1 0 0 0 1 0 0 1 1 0 0 0 0 ] 32  }  [k5]
 48: { [ 16 0 1 0 0 0 0 0 1 1 0 0 1 0 0 0 ] 16  }  [k4]
 49: { [ 64 0 0 0 0 0 0 0 1 0 1 0 1 0 0 0 ] 64  }  [k6]
 50: { [ 1 1 0 0 1 0 1 0 0 0 0 0 0 1 0 0 ] 1  }  [d0]
 51: { [ 8 1 0 0 0 0 0 1 0 1 0 1 0 1 0 0 ] 8  }  [d3]
 52: { [ 2 0 1 0 1 1 1 0 0 0 0 0 0 0 1 0 ] 2  }  [d1]
 53: { [ 16 0 1 0 0 0 0 0 1 1 0 0 1 0 1 0 ] 16  }  [d4]
 54: { [ 4 0 0 1 0 1 0 0 0 0 0 0 0 0 0 1 ] 4  }  [d2]
 55: { [ 32 0 0 1 0 0 0 1 0 0 1 1 0 0 0 1 ] 32  }  [d5]
 56: { [ 64 0 0 0 0 0 0 0 1 0 1 0 1 0 0 0 ] 64  }  [d6]
Gadget with 1 input(s),  1 output(s),  7 share(s)
Total number of intermediate variables : 50
Total number of variables : 57
Total number of Wires : 80

Size 1: 0 tuples
Size 2: 0 tuples
Size 3: 0 tuples
Size 4: 0 tuples
Size 5: 0 tuples
Size 6: 0 tuples
Gadget is 6-NI.


Verification completed in 0 min 0 sec.
