Circuit with 27 variables
total_wires = 57
secret_count = 2
output_count = 1
random_count = 3
share_count = 3
all_shares_mask = 7
contains_mults = 1
has_input_rands = 0
mult_count = 9
Dependencies:
  0: { [ 1 0 0 0 0 0 0 0 0 0 0 0 0 0 ] 1 0  }  [a0]
  1: { [ 2 0 0 0 0 0 0 0 0 0 0 0 0 0 ] 2 0  }  [a1]
  2: { [ 4 0 0 0 0 0 0 0 0 0 0 0 0 0 ] 4 0  }  [a2]
  3: { [ 0 1 0 0 0 0 0 0 0 0 0 0 0 0 ] 0 1  }  [b0]
  4: { [ 0 2 0 0 0 0 0 0 0 0 0 0 0 0 ] 0 2  }  [b1]
  5: { [ 0 4 0 0 0 0 0 0 0 0 0 0 0 0 ] 0 4  }  [b2]
  6: { [ 0 0 1 0 0 0 0 0 0 0 0 0 0 0 ] 0 0  }  [r01]
  7: { [ 0 0 0 1 0 0 0 0 0 0 0 0 0 0 ] 0 0  }  [r02]
  8: { [ 0 0 0 0 1 0 0 0 0 0 0 0 0 0 ] 0 0  }  [r12]
  9: { [ 1 0 0 0 0 0 0 0 0 0 0 0 0 0 ]
       [ 0 2 0 0 0 0 0 0 0 0 0 0 0 0 ] 1 2  }  [tmp]
 10: { [ 0 0 1 0 0 0 0 0 0 0 0 0 0 0 ]
       [ 1 0 0 0 0 0 0 0 0 0 0 0 0 0 ]
       [ 0 2 0 0 0 0 0 0 0 0 0 0 0 0 ] 1 2  }  [r10]
 11: { [ 2 0 0 0 0 0 0 0 0 0 0 0 0 0 ]
       [ 0 1 0 0 0 0 0 0 0 0 0 0 0 0 ] 2 1  }  [tmp]
 12: { [ 0 0 1 0 0 0 0 0 0 0 0 0 0 0 ]
       [ 1 0 0 0 0 0 0 0 0 0 0 0 0 0 ]
       [ 0 2 0 0 0 0 0 0 0 0 0 0 0 0 ]
       [ 2 0 0 0 0 0 0 0 0 0 0 0 0 0 ]
       [ 0 1 0 0 0 0 0 0 0 0 0 0 0 0 ] 3 3  }  [r10]
 13: { [ 1 0 0 0 0 0 0 0 0 0 0 0 0 0 ]
       [ 0 4 0 0 0 0 0 0 0 0 0 0 0 0 ] 1 4  }  [tmp]
 14: { [ 0 0 0 1 0 0 0 0 0 0 0 0 0 0 ]
       [ 1 0 0 0 0 0 0 0 0 0 0 0 0 0 ]
       [ 0 4 0 0 0 0 0 0 0 0 0 0 0 0 ] 1 4  }  [r20]
 15: { [ 4 0 0 0 0 0 0 0 0 0 0 0 0 0 ]
       [ 0 1 0 0 0 0 0 0 0 0 0 0 0 0 ] 4 1  }  [tmp]
 16: { [ 0 0 0 1 0 0 0 0 0 0 0 0 0 0 ]
       [ 1 0 0 0 0 0 0 0 0 0 0 0 0 0 ]
       [ 0 4 0 0 0 0 0 0 0 0 0 0 0 0 ]
       [ 4 0 0 0 0 0 0 0 0 0 0 0 0 0 ]
       [ 0 1 0 0 0 0 0 0 0 0 0 0 0 0 ] 5 5  }  [r20]
 17: { [ 2 0 0 0 0 0 0 0 0 0 0 0 0 0 ]
       [ 0 4 0 0 0 0 0 0 0 0 0 0 0 0 ] 2 4  }  [tmp]
 18: { [ 0 0 0 0 1 0 0 0 0 0 0 0 0 0 ]
       [ 2 0 0 0 0 0 0 0 0 0 0 0 0 0 ]
       [ 0 4 0 0 0 0 0 0 0 0 0 0 0 0 ] 2 4  }  [r21]
 19: { [ 4 0 0 0 0 0 0 0 0 0 0 0 0 0 ]
       [ 0 2 0 0 0 0 0 0 0 0 0 0 0 0 ] 4 2  }  [tmp]
 20: { [ 0 0 0 0 1 0 0 0 0 0 0 0 0 0 ]
       [ 2 0 0 0 0 0 0 0 0 0 0 0 0 0 ]
       [ 0 4 0 0 0 0 0 0 0 0 0 0 0 0 ]
       [ 4 0 0 0 0 0 0 0 0 0 0 0 0 0 ]
       [ 0 2 0 0 0 0 0 0 0 0 0 0 0 0 ] 6 6  }  [r21]
 21: { [ 1 0 0 0 0 0 0 0 0 0 0 0 0 0 ]
       [ 0 1 0 0 0 0 0 0 0 0 0 0 0 0 ] 1 1  }  [tmp]
 22: { [ 1 0 0 0 0 0 0 0 0 0 0 0 0 0 ]
       [ 0 1 0 0 0 0 0 0 0 0 0 0 0 0 ]
       [ 0 0 1 0 0 0 0 0 0 0 0 0 0 0 ] 1 1  }  [c0]
 23: { [ 2 0 0 0 0 0 0 0 0 0 0 0 0 0 ]
       [ 0 2 0 0 0 0 0 0 0 0 0 0 0 0 ] 2 2  }  [tmp]
 24: { [ 2 0 0 0 0 0 0 0 0 0 0 0 0 0 ]
       [ 0 2 0 0 0 0 0 0 0 0 0 0 0 0 ]
       [ 0 0 1 0 0 0 0 0 0 0 0 0 0 0 ]
       [ 1 0 0 0 0 0 0 0 0 0 0 0 0 0 ]
       [ 0 1 0 0 0 0 0 0 0 0 0 0 0 0 ] 3 3  }  [c1]
 25: { [ 4 0 0 0 0 0 0 0 0 0 0 0 0 0 ]
       [ 0 4 0 0 0 0 0 0 0 0 0 0 0 0 ] 4 4  }  [tmp]
 26: { [ 4 0 0 0 0 0 0 0 0 0 0 0 0 0 ]
       [ 0 4 0 0 0 0 0 0 0 0 0 0 0 0 ]
       [ 0 0 0 1 0 0 0 0 0 0 0 0 0 0 ]
       [ 1 0 0 0 0 0 0 0 0 0 0 0 0 0 ]
       [ 0 1 0 0 0 0 0 0 0 0 0 0 0 0 ] 5 5  }  [c2]
 27: { [ 1 0 0 0 0 0 0 0 0 0 0 0 0 0 ]
       [ 0 1 0 0 0 0 0 0 0 0 0 0 0 0 ]
       [ 0 0 1 0 0 0 0 0 0 0 0 0 0 0 ]
       [ 0 0 0 1 0 0 0 0 0 0 0 0 0 0 ] 1 1  }  [c0]
 28: { [ 2 0 0 0 0 0 0 0 0 0 0 0 0 0 ]
       [ 0 2 0 0 0 0 0 0 0 0 0 0 0 0 ]
       [ 0 0 1 0 0 0 0 0 0 0 0 0 0 0 ]
       [ 1 0 0 0 0 0 0 0 0 0 0 0 0 0 ]
       [ 0 1 0 0 0 0 0 0 0 0 0 0 0 0 ]
       [ 0 0 0 0 1 0 0 0 0 0 0 0 0 0 ] 3 3  }  [c1]
 29: { [ 4 0 0 0 0 0 0 0 0 0 0 0 0 0 ]
       [ 0 4 0 0 0 0 0 0 0 0 0 0 0 0 ]
       [ 0 0 0 1 0 0 0 0 0 0 0 0 0 0 ]
       [ 1 0 0 0 0 0 0 0 0 0 0 0 0 0 ]
       [ 0 1 0 0 0 0 0 0 0 0 0 0 0 0 ]
       [ 0 0 0 0 1 0 0 0 0 0 0 0 0 0 ]
       [ 2 0 0 0 0 0 0 0 0 0 0 0 0 0 ]
       [ 0 2 0 0 0 0 0 0 0 0 0 0 0 0 ] 7 7  }  [c2]

Multiplications:
 0:  0 *  4   [a0 * b1]
 1:  1 *  3   [a1 * b0]
 2:  0 *  5   [a0 * b2]
 3:  2 *  3   [a2 * b0]
 4:  1 *  5   [a1 * b2]
 5:  2 *  4   [a2 * b1]
 6:  0 *  3   [a0 * b0]
 7:  1 *  4   [a1 * b1]
 8:  2 *  5   [a2 * b2]

Refreshes: 0 on input 1, 0 on input 2, 3 on output.

Gadget with 2 input(s),  1 output(s),  3 share(s)
Total number of intermediate variables : 27
Total number of variables : 30
Total number of Wires : 57

Dimension reduction: old circuit: 30 vars -- new circuit: 24 vars.

Randoms removed. old circuit: 24 vars -- new circuit: 21 vars.

Circuit with 18 variables
total_wires = 57
secret_count = 2
output_count = 1
random_count = 3
share_count = 3
all_shares_mask = 7
contains_mults = 1
has_input_rands = 0
mult_count = 9
Dependencies:
  0: { [ 1 0 0 0 0 0 0 0 0 0 0 0 0 0 ]
       [ 0 2 0 0 0 0 0 0 0 0 0 0 0 0 ] 1 2  }  [tmp]
  1: { [ 0 0 1 0 0 0 0 0 0 0 0 0 0 0 ]
       [ 1 0 0 0 0 0 0 0 0 0 0 0 0 0 ]
       [ 0 2 0 0 0 0 0 0 0 0 0 0 0 0 ] 1 2  }  [r10]
  2: { [ 2 0 0 0 0 0 0 0 0 0 0 0 0 0 ]
       [ 0 1 0 0 0 0 0 0 0 0 0 0 0 0 ] 2 1  }  [tmp]
  3: { [ 0 0 1 0 0 0 0 0 0 0 0 0 0 0 ]
       [ 1 0 0 0 0 0 0 0 0 0 0 0 0 0 ]
       [ 0 2 0 0 0 0 0 0 0 0 0 0 0 0 ]
       [ 2 0 0 0 0 0 0 0 0 0 0 0 0 0 ]
       [ 0 1 0 0 0 0 0 0 0 0 0 0 0 0 ] 3 3  }  [r10]
  4: { [ 1 0 0 0 0 0 0 0 0 0 0 0 0 0 ]
       [ 0 4 0 0 0 0 0 0 0 0 0 0 0 0 ] 1 4  }  [tmp]
  5: { [ 0 0 0 1 0 0 0 0 0 0 0 0 0 0 ]
       [ 1 0 0 0 0 0 0 0 0 0 0 0 0 0 ]
       [ 0 4 0 0 0 0 0 0 0 0 0 0 0 0 ] 1 4  }  [r20]
  6: { [ 4 0 0 0 0 0 0 0 0 0 0 0 0 0 ]
       [ 0 1 0 0 0 0 0 0 0 0 0 0 0 0 ] 4 1  }  [tmp]
  7: { [ 0 0 0 1 0 0 0 0 0 0 0 0 0 0 ]
       [ 1 0 0 0 0 0 0 0 0 0 0 0 0 0 ]
       [ 0 4 0 0 0 0 0 0 0 0 0 0 0 0 ]
       [ 4 0 0 0 0 0 0 0 0 0 0 0 0 0 ]
       [ 0 1 0 0 0 0 0 0 0 0 0 0 0 0 ] 5 5  }  [r20]
  8: { [ 2 0 0 0 0 0 0 0 0 0 0 0 0 0 ]
       [ 0 4 0 0 0 0 0 0 0 0 0 0 0 0 ] 2 4  }  [tmp]
  9: { [ 0 0 0 0 1 0 0 0 0 0 0 0 0 0 ]
       [ 2 0 0 0 0 0 0 0 0 0 0 0 0 0 ]
       [ 0 4 0 0 0 0 0 0 0 0 0 0 0 0 ] 2 4  }  [r21]
 10: { [ 4 0 0 0 0 0 0 0 0 0 0 0 0 0 ]
       [ 0 2 0 0 0 0 0 0 0 0 0 0 0 0 ] 4 2  }  [tmp]
 11: { [ 0 0 0 0 1 0 0 0 0 0 0 0 0 0 ]
       [ 2 0 0 0 0 0 0 0 0 0 0 0 0 0 ]
       [ 0 4 0 0 0 0 0 0 0 0 0 0 0 0 ]
       [ 4 0 0 0 0 0 0 0 0 0 0 0 0 0 ]
       [ 0 2 0 0 0 0 0 0 0 0 0 0 0 0 ] 6 6  }  [r21]
 12: { [ 1 0 0 0 0 0 0 0 0 0 0 0 0 0 ]
       [ 0 1 0 0 0 0 0 0 0 0 0 0 0 0 ] 1 1  }  [tmp]
 13: { [ 1 0 0 0 0 0 0 0 0 0 0 0 0 0 ]
       [ 0 1 0 0 0 0 0 0 0 0 0 0 0 0 ]
       [ 0 0 1 0 0 0 0 0 0 0 0 0 0 0 ] 1 1  }  [c0]
 14: { [ 2 0 0 0 0 0 0 0 0 0 0 0 0 0 ]
       [ 0 2 0 0 0 0 0 0 0 0 0 0 0 0 ] 2 2  }  [tmp]
 15: { [ 2 0 0 0 0 0 0 0 0 0 0 0 0 0 ]
       [ 0 2 0 0 0 0 0 0 0 0 0 0 0 0 ]
       [ 0 0 1 0 0 0 0 0 0 0 0 0 0 0 ]
       [ 1 0 0 0 0 0 0 0 0 0 0 0 0 0 ]
       [ 0 1 0 0 0 0 0 0 0 0 0 0 0 0 ] 3 3  }  [c1]
 16: { [ 4 0 0 0 0 0 0 0 0 0 0 0 0 0 ]
       [ 0 4 0 0 0 0 0 0 0 0 0 0 0 0 ] 4 4  }  [tmp]
 17: { [ 4 0 0 0 0 0 0 0 0 0 0 0 0 0 ]
       [ 0 4 0 0 0 0 0 0 0 0 0 0 0 0 ]
       [ 0 0 0 1 0 0 0 0 0 0 0 0 0 0 ]
       [ 1 0 0 0 0 0 0 0 0 0 0 0 0 0 ]
       [ 0 1 0 0 0 0 0 0 0 0 0 0 0 0 ] 5 5  }  [c2]
 18: { [ 1 0 0 0 0 0 0 0 0 0 0 0 0 0 ]
       [ 0 1 0 0 0 0 0 0 0 0 0 0 0 0 ]
       [ 0 0 1 0 0 0 0 0 0 0 0 0 0 0 ]
       [ 0 0 0 1 0 0 0 0 0 0 0 0 0 0 ] 1 1  }  [c0]
 19: { [ 2 0 0 0 0 0 0 0 0 0 0 0 0 0 ]
       [ 0 2 0 0 0 0 0 0 0 0 0 0 0 0 ]
       [ 0 0 1 0 0 0 0 0 0 0 0 0 0 0 ]
       [ 1 0 0 0 0 0 0 0 0 0 0 0 0 0 ]
       [ 0 1 0 0 0 0 0 0 0 0 0 0 0 0 ]
       [ 0 0 0 0 1 0 0 0 0 0 0 0 0 0 ] 3 3  }  [c1]
 20: { [ 4 0 0 0 0 0 0 0 0 0 0 0 0 0 ]
       [ 0 4 0 0 0 0 0 0 0 0 0 0 0 0 ]
       [ 0 0 0 1 0 0 0 0 0 0 0 0 0 0 ]
       [ 1 0 0 0 0 0 0 0 0 0 0 0 0 0 ]
       [ 0 1 0 0 0 0 0 0 0 0 0 0 0 0 ]
       [ 0 0 0 0 1 0 0 0 0 0 0 0 0 0 ]
       [ 2 0 0 0 0 0 0 0 0 0 0 0 0 0 ]
       [ 0 2 0 0 0 0 0 0 0 0 0 0 0 0 ] 7 7  }  [c2]

Multiplications:
 0:  0 *  4   [tmp * tmp]
 1:  1 *  3   [r10 * r10]
 2:  0 *  5   [tmp * r20]
 3:  2 *  3   [tmp * r10]
 4:  1 *  5   [r10 * r20]
 5:  2 *  4   [tmp * tmp]
 6:  0 *  3   [tmp * r10]
 7:  1 *  4   [r10 * tmp]
 8:  2 *  5   [tmp * r20]

Refreshes: 0 on input 1, 0 on input 2, 3 on output.

Checking NI ==> 1 tuples of size 0 to check...
Checking NI ==> 21 tuples of size 1 to check...
Gadget is 1-NI.


Verification completed in 0 min 0 sec.
