Circuit with 80 variables
total_wires = 180
secret_count = 2
output_count = 1
random_count = 10
share_count = 5
all_shares_mask = 31
contains_mults = 1
has_input_rands = 0
mult_count = 25
Dependencies:
  0: { [ 1 0 0 0 0 0 0 0 0 0 0 0 0 0 0 0 0 0 0 0 0 0 0 0 0 0 0 0 0 0 0 0 0 0 0 0 0 ] 1 0  }  [a0]
  1: { [ 2 0 0 0 0 0 0 0 0 0 0 0 0 0 0 0 0 0 0 0 0 0 0 0 0 0 0 0 0 0 0 0 0 0 0 0 0 ] 2 0  }  [a1]
  2: { [ 4 0 0 0 0 0 0 0 0 0 0 0 0 0 0 0 0 0 0 0 0 0 0 0 0 0 0 0 0 0 0 0 0 0 0 0 0 ] 4 0  }  [a2]
  3: { [ 8 0 0 0 0 0 0 0 0 0 0 0 0 0 0 0 0 0 0 0 0 0 0 0 0 0 0 0 0 0 0 0 0 0 0 0 0 ] 8 0  }  [a3]
  4: { [ 16 0 0 0 0 0 0 0 0 0 0 0 0 0 0 0 0 0 0 0 0 0 0 0 0 0 0 0 0 0 0 0 0 0 0 0 0 ] 16 0  }  [a4]
  5: { [ 0 1 0 0 0 0 0 0 0 0 0 0 0 0 0 0 0 0 0 0 0 0 0 0 0 0 0 0 0 0 0 0 0 0 0 0 0 ] 0 1  }  [b0]
  6: { [ 0 2 0 0 0 0 0 0 0 0 0 0 0 0 0 0 0 0 0 0 0 0 0 0 0 0 0 0 0 0 0 0 0 0 0 0 0 ] 0 2  }  [b1]
  7: { [ 0 4 0 0 0 0 0 0 0 0 0 0 0 0 0 0 0 0 0 0 0 0 0 0 0 0 0 0 0 0 0 0 0 0 0 0 0 ] 0 4  }  [b2]
  8: { [ 0 8 0 0 0 0 0 0 0 0 0 0 0 0 0 0 0 0 0 0 0 0 0 0 0 0 0 0 0 0 0 0 0 0 0 0 0 ] 0 8  }  [b3]
  9: { [ 0 16 0 0 0 0 0 0 0 0 0 0 0 0 0 0 0 0 0 0 0 0 0 0 0 0 0 0 0 0 0 0 0 0 0 0 0 ] 0 16  }  [b4]
 10: { [ 0 0 1 0 0 0 0 0 0 0 0 0 0 0 0 0 0 0 0 0 0 0 0 0 0 0 0 0 0 0 0 0 0 0 0 0 0 ] 0 0  }  [r01]
 11: { [ 0 0 0 1 0 0 0 0 0 0 0 0 0 0 0 0 0 0 0 0 0 0 0 0 0 0 0 0 0 0 0 0 0 0 0 0 0 ] 0 0  }  [r02]
 12: { [ 0 0 0 0 1 0 0 0 0 0 0 0 0 0 0 0 0 0 0 0 0 0 0 0 0 0 0 0 0 0 0 0 0 0 0 0 0 ] 0 0  }  [r03]
 13: { [ 0 0 0 0 0 1 0 0 0 0 0 0 0 0 0 0 0 0 0 0 0 0 0 0 0 0 0 0 0 0 0 0 0 0 0 0 0 ] 0 0  }  [r04]
 14: { [ 0 0 0 0 0 0 1 0 0 0 0 0 0 0 0 0 0 0 0 0 0 0 0 0 0 0 0 0 0 0 0 0 0 0 0 0 0 ] 0 0  }  [r12]
 15: { [ 0 0 0 0 0 0 0 1 0 0 0 0 0 0 0 0 0 0 0 0 0 0 0 0 0 0 0 0 0 0 0 0 0 0 0 0 0 ] 0 0  }  [r13]
 16: { [ 0 0 0 0 0 0 0 0 1 0 0 0 0 0 0 0 0 0 0 0 0 0 0 0 0 0 0 0 0 0 0 0 0 0 0 0 0 ] 0 0  }  [r14]
 17: { [ 0 0 0 0 0 0 0 0 0 1 0 0 0 0 0 0 0 0 0 0 0 0 0 0 0 0 0 0 0 0 0 0 0 0 0 0 0 ] 0 0  }  [r23]
 18: { [ 0 0 0 0 0 0 0 0 0 0 1 0 0 0 0 0 0 0 0 0 0 0 0 0 0 0 0 0 0 0 0 0 0 0 0 0 0 ] 0 0  }  [r24]
 19: { [ 0 0 0 0 0 0 0 0 0 0 0 1 0 0 0 0 0 0 0 0 0 0 0 0 0 0 0 0 0 0 0 0 0 0 0 0 0 ] 0 0  }  [r34]
 20: { [ 0 0 0 0 0 0 0 0 0 0 0 0 1 0 0 0 0 0 0 0 0 0 0 0 0 0 0 0 0 0 0 0 0 0 0 0 0 ] 1 2  }  [tmp]
 21: { [ 0 0 1 0 0 0 0 0 0 0 0 0 1 0 0 0 0 0 0 0 0 0 0 0 0 0 0 0 0 0 0 0 0 0 0 0 0 ] 1 2  }  [r10]
 22: { [ 0 0 0 0 0 0 0 0 0 0 0 0 0 1 0 0 0 0 0 0 0 0 0 0 0 0 0 0 0 0 0 0 0 0 0 0 0 ] 2 1  }  [tmp]
 23: { [ 0 0 1 0 0 0 0 0 0 0 0 0 1 1 0 0 0 0 0 0 0 0 0 0 0 0 0 0 0 0 0 0 0 0 0 0 0 ] 3 3  }  [r10]
 24: { [ 0 0 0 0 0 0 0 0 0 0 0 0 0 0 1 0 0 0 0 0 0 0 0 0 0 0 0 0 0 0 0 0 0 0 0 0 0 ] 1 4  }  [tmp]
 25: { [ 0 0 0 1 0 0 0 0 0 0 0 0 0 0 1 0 0 0 0 0 0 0 0 0 0 0 0 0 0 0 0 0 0 0 0 0 0 ] 1 4  }  [r20]
 26: { [ 0 0 0 0 0 0 0 0 0 0 0 0 0 0 0 1 0 0 0 0 0 0 0 0 0 0 0 0 0 0 0 0 0 0 0 0 0 ] 4 1  }  [tmp]
 27: { [ 0 0 0 1 0 0 0 0 0 0 0 0 0 0 1 1 0 0 0 0 0 0 0 0 0 0 0 0 0 0 0 0 0 0 0 0 0 ] 5 5  }  [r20]
 28: { [ 0 0 0 0 0 0 0 0 0 0 0 0 0 0 0 0 1 0 0 0 0 0 0 0 0 0 0 0 0 0 0 0 0 0 0 0 0 ] 1 8  }  [tmp]
 29: { [ 0 0 0 0 1 0 0 0 0 0 0 0 0 0 0 0 1 0 0 0 0 0 0 0 0 0 0 0 0 0 0 0 0 0 0 0 0 ] 1 8  }  [r30]
 30: { [ 0 0 0 0 0 0 0 0 0 0 0 0 0 0 0 0 0 1 0 0 0 0 0 0 0 0 0 0 0 0 0 0 0 0 0 0 0 ] 8 1  }  [tmp]
 31: { [ 0 0 0 0 1 0 0 0 0 0 0 0 0 0 0 0 1 1 0 0 0 0 0 0 0 0 0 0 0 0 0 0 0 0 0 0 0 ] 9 9  }  [r30]
 32: { [ 0 0 0 0 0 0 0 0 0 0 0 0 0 0 0 0 0 0 1 0 0 0 0 0 0 0 0 0 0 0 0 0 0 0 0 0 0 ] 1 16  }  [tmp]
 33: { [ 0 0 0 0 0 1 0 0 0 0 0 0 0 0 0 0 0 0 1 0 0 0 0 0 0 0 0 0 0 0 0 0 0 0 0 0 0 ] 1 16  }  [r40]
 34: { [ 0 0 0 0 0 0 0 0 0 0 0 0 0 0 0 0 0 0 0 1 0 0 0 0 0 0 0 0 0 0 0 0 0 0 0 0 0 ] 16 1  }  [tmp]
 35: { [ 0 0 0 0 0 1 0 0 0 0 0 0 0 0 0 0 0 0 1 1 0 0 0 0 0 0 0 0 0 0 0 0 0 0 0 0 0 ] 17 17  }  [r40]
 36: { [ 0 0 0 0 0 0 0 0 0 0 0 0 0 0 0 0 0 0 0 0 1 0 0 0 0 0 0 0 0 0 0 0 0 0 0 0 0 ] 2 4  }  [tmp]
 37: { [ 0 0 0 0 0 0 1 0 0 0 0 0 0 0 0 0 0 0 0 0 1 0 0 0 0 0 0 0 0 0 0 0 0 0 0 0 0 ] 2 4  }  [r21]
 38: { [ 0 0 0 0 0 0 0 0 0 0 0 0 0 0 0 0 0 0 0 0 0 1 0 0 0 0 0 0 0 0 0 0 0 0 0 0 0 ] 4 2  }  [tmp]
 39: { [ 0 0 0 0 0 0 1 0 0 0 0 0 0 0 0 0 0 0 0 0 1 1 0 0 0 0 0 0 0 0 0 0 0 0 0 0 0 ] 6 6  }  [r21]
 40: { [ 0 0 0 0 0 0 0 0 0 0 0 0 0 0 0 0 0 0 0 0 0 0 1 0 0 0 0 0 0 0 0 0 0 0 0 0 0 ] 2 8  }  [tmp]
 41: { [ 0 0 0 0 0 0 0 1 0 0 0 0 0 0 0 0 0 0 0 0 0 0 1 0 0 0 0 0 0 0 0 0 0 0 0 0 0 ] 2 8  }  [r31]
 42: { [ 0 0 0 0 0 0 0 0 0 0 0 0 0 0 0 0 0 0 0 0 0 0 0 1 0 0 0 0 0 0 0 0 0 0 0 0 0 ] 8 2  }  [tmp]
 43: { [ 0 0 0 0 0 0 0 1 0 0 0 0 0 0 0 0 0 0 0 0 0 0 1 1 0 0 0 0 0 0 0 0 0 0 0 0 0 ] 10 10  }  [r31]
 44: { [ 0 0 0 0 0 0 0 0 0 0 0 0 0 0 0 0 0 0 0 0 0 0 0 0 1 0 0 0 0 0 0 0 0 0 0 0 0 ] 2 16  }  [tmp]
 45: { [ 0 0 0 0 0 0 0 0 1 0 0 0 0 0 0 0 0 0 0 0 0 0 0 0 1 0 0 0 0 0 0 0 0 0 0 0 0 ] 2 16  }  [r41]
 46: { [ 0 0 0 0 0 0 0 0 0 0 0 0 0 0 0 0 0 0 0 0 0 0 0 0 0 1 0 0 0 0 0 0 0 0 0 0 0 ] 16 2  }  [tmp]
 47: { [ 0 0 0 0 0 0 0 0 1 0 0 0 0 0 0 0 0 0 0 0 0 0 0 0 1 1 0 0 0 0 0 0 0 0 0 0 0 ] 18 18  }  [r41]
 48: { [ 0 0 0 0 0 0 0 0 0 0 0 0 0 0 0 0 0 0 0 0 0 0 0 0 0 0 1 0 0 0 0 0 0 0 0 0 0 ] 4 8  }  [tmp]
 49: { [ 0 0 0 0 0 0 0 0 0 1 0 0 0 0 0 0 0 0 0 0 0 0 0 0 0 0 1 0 0 0 0 0 0 0 0 0 0 ] 4 8  }  [r32]
 50: { [ 0 0 0 0 0 0 0 0 0 0 0 0 0 0 0 0 0 0 0 0 0 0 0 0 0 0 0 1 0 0 0 0 0 0 0 0 0 ] 8 4  }  [tmp]
 51: { [ 0 0 0 0 0 0 0 0 0 1 0 0 0 0 0 0 0 0 0 0 0 0 0 0 0 0 1 1 0 0 0 0 0 0 0 0 0 ] 12 12  }  [r32]
 52: { [ 0 0 0 0 0 0 0 0 0 0 0 0 0 0 0 0 0 0 0 0 0 0 0 0 0 0 0 0 1 0 0 0 0 0 0 0 0 ] 4 16  }  [tmp]
 53: { [ 0 0 0 0 0 0 0 0 0 0 1 0 0 0 0 0 0 0 0 0 0 0 0 0 0 0 0 0 1 0 0 0 0 0 0 0 0 ] 4 16  }  [r42]
 54: { [ 0 0 0 0 0 0 0 0 0 0 0 0 0 0 0 0 0 0 0 0 0 0 0 0 0 0 0 0 0 1 0 0 0 0 0 0 0 ] 16 4  }  [tmp]
 55: { [ 0 0 0 0 0 0 0 0 0 0 1 0 0 0 0 0 0 0 0 0 0 0 0 0 0 0 0 0 1 1 0 0 0 0 0 0 0 ] 20 20  }  [r42]
 56: { [ 0 0 0 0 0 0 0 0 0 0 0 0 0 0 0 0 0 0 0 0 0 0 0 0 0 0 0 0 0 0 1 0 0 0 0 0 0 ] 8 16  }  [tmp]
 57: { [ 0 0 0 0 0 0 0 0 0 0 0 1 0 0 0 0 0 0 0 0 0 0 0 0 0 0 0 0 0 0 1 0 0 0 0 0 0 ] 8 16  }  [r43]
 58: { [ 0 0 0 0 0 0 0 0 0 0 0 0 0 0 0 0 0 0 0 0 0 0 0 0 0 0 0 0 0 0 0 1 0 0 0 0 0 ] 16 8  }  [tmp]
 59: { [ 0 0 0 0 0 0 0 0 0 0 0 1 0 0 0 0 0 0 0 0 0 0 0 0 0 0 0 0 0 0 1 1 0 0 0 0 0 ] 24 24  }  [r43]
 60: { [ 0 0 0 0 0 0 0 0 0 0 0 0 0 0 0 0 0 0 0 0 0 0 0 0 0 0 0 0 0 0 0 0 1 0 0 0 0 ] 1 1  }  [tmp]
 61: { [ 0 0 1 0 0 0 0 0 0 0 0 0 0 0 0 0 0 0 0 0 0 0 0 0 0 0 0 0 0 0 0 0 1 0 0 0 0 ] 1 1  }  [c0]
 62: { [ 0 0 1 1 0 0 0 0 0 0 0 0 0 0 0 0 0 0 0 0 0 0 0 0 0 0 0 0 0 0 0 0 1 0 0 0 0 ] 1 1  }  [c0]
 63: { [ 0 0 1 1 1 0 0 0 0 0 0 0 0 0 0 0 0 0 0 0 0 0 0 0 0 0 0 0 0 0 0 0 1 0 0 0 0 ] 1 1  }  [c0]
 64: { [ 0 0 0 0 0 0 0 0 0 0 0 0 0 0 0 0 0 0 0 0 0 0 0 0 0 0 0 0 0 0 0 0 0 1 0 0 0 ] 2 2  }  [tmp]
 65: { [ 0 0 1 0 0 0 0 0 0 0 0 0 1 1 0 0 0 0 0 0 0 0 0 0 0 0 0 0 0 0 0 0 0 1 0 0 0 ] 3 3  }  [c1]
 66: { [ 0 0 1 0 0 0 1 0 0 0 0 0 1 1 0 0 0 0 0 0 0 0 0 0 0 0 0 0 0 0 0 0 0 1 0 0 0 ] 3 3  }  [c1]
 67: { [ 0 0 1 0 0 0 1 1 0 0 0 0 1 1 0 0 0 0 0 0 0 0 0 0 0 0 0 0 0 0 0 0 0 1 0 0 0 ] 3 3  }  [c1]
 68: { [ 0 0 0 0 0 0 0 0 0 0 0 0 0 0 0 0 0 0 0 0 0 0 0 0 0 0 0 0 0 0 0 0 0 0 1 0 0 ] 4 4  }  [tmp]
 69: { [ 0 0 0 1 0 0 0 0 0 0 0 0 0 0 1 1 0 0 0 0 0 0 0 0 0 0 0 0 0 0 0 0 0 0 1 0 0 ] 5 5  }  [c2]
 70: { [ 0 0 0 1 0 0 1 0 0 0 0 0 0 0 1 1 0 0 0 0 1 1 0 0 0 0 0 0 0 0 0 0 0 0 1 0 0 ] 7 7  }  [c2]
 71: { [ 0 0 0 1 0 0 1 0 0 1 0 0 0 0 1 1 0 0 0 0 1 1 0 0 0 0 0 0 0 0 0 0 0 0 1 0 0 ] 7 7  }  [c2]
 72: { [ 0 0 0 0 0 0 0 0 0 0 0 0 0 0 0 0 0 0 0 0 0 0 0 0 0 0 0 0 0 0 0 0 0 0 0 1 0 ] 8 8  }  [tmp]
 73: { [ 0 0 0 0 1 0 0 0 0 0 0 0 0 0 0 0 1 1 0 0 0 0 0 0 0 0 0 0 0 0 0 0 0 0 0 1 0 ] 9 9  }  [c3]
 74: { [ 0 0 0 0 1 0 0 1 0 0 0 0 0 0 0 0 1 1 0 0 0 0 1 1 0 0 0 0 0 0 0 0 0 0 0 1 0 ] 11 11  }  [c3]
 75: { [ 0 0 0 0 1 0 0 1 0 1 0 0 0 0 0 0 1 1 0 0 0 0 1 1 0 0 1 1 0 0 0 0 0 0 0 1 0 ] 15 15  }  [c3]
 76: { [ 0 0 0 0 0 0 0 0 0 0 0 0 0 0 0 0 0 0 0 0 0 0 0 0 0 0 0 0 0 0 0 0 0 0 0 0 1 ] 16 16  }  [tmp]
 77: { [ 0 0 0 0 0 1 0 0 0 0 0 0 0 0 0 0 0 0 1 1 0 0 0 0 0 0 0 0 0 0 0 0 0 0 0 0 1 ] 17 17  }  [c4]
 78: { [ 0 0 0 0 0 1 0 0 1 0 0 0 0 0 0 0 0 0 1 1 0 0 0 0 1 1 0 0 0 0 0 0 0 0 0 0 1 ] 19 19  }  [c4]
 79: { [ 0 0 0 0 0 1 0 0 1 0 1 0 0 0 0 0 0 0 1 1 0 0 0 0 1 1 0 0 1 1 0 0 0 0 0 0 1 ] 23 23  }  [c4]
 80: { [ 0 0 1 1 1 1 0 0 0 0 0 0 0 0 0 0 0 0 0 0 0 0 0 0 0 0 0 0 0 0 0 0 1 0 0 0 0 ] 1 1  }  [c0]
 81: { [ 0 0 1 0 0 0 1 1 1 0 0 0 1 1 0 0 0 0 0 0 0 0 0 0 0 0 0 0 0 0 0 0 0 1 0 0 0 ] 3 3  }  [c1]
 82: { [ 0 0 0 1 0 0 1 0 0 1 1 0 0 0 1 1 0 0 0 0 1 1 0 0 0 0 0 0 0 0 0 0 0 0 1 0 0 ] 7 7  }  [c2]
 83: { [ 0 0 0 0 1 0 0 1 0 1 0 1 0 0 0 0 1 1 0 0 0 0 1 1 0 0 1 1 0 0 0 0 0 0 0 1 0 ] 15 15  }  [c3]
 84: { [ 0 0 0 0 0 1 0 0 1 0 1 1 0 0 0 0 0 0 1 1 0 0 0 0 1 1 0 0 1 1 1 1 0 0 0 0 1 ] 31 31  }  [c4]

Multiplications:
 0:  0 *  6   [a0 * b1]
 1:  1 *  5   [a1 * b0]
 2:  0 *  7   [a0 * b2]
 3:  2 *  5   [a2 * b0]
 4:  0 *  8   [a0 * b3]
 5:  3 *  5   [a3 * b0]
 6:  0 *  9   [a0 * b4]
 7:  4 *  5   [a4 * b0]
 8:  1 *  7   [a1 * b2]
 9:  2 *  6   [a2 * b1]
10:  1 *  8   [a1 * b3]
11:  3 *  6   [a3 * b1]
12:  1 *  9   [a1 * b4]
13:  4 *  6   [a4 * b1]
14:  2 *  8   [a2 * b3]
15:  3 *  7   [a3 * b2]
16:  2 *  9   [a2 * b4]
17:  4 *  7   [a4 * b2]
18:  3 *  9   [a3 * b4]
19:  4 *  8   [a4 * b3]
20:  0 *  5   [a0 * b0]
21:  1 *  6   [a1 * b1]
22:  2 *  7   [a2 * b2]
23:  3 *  8   [a3 * b3]
24:  4 *  9   [a4 * b4]

Refreshes: 0 on input 1, 0 on input 2, 10 on output.

Gadget with 2 input(s),  1 output(s),  5 share(s)
Total number of intermediate variables : 80
Total number of variables : 85
Total number of Wires : 180

Dimension reduction: old circuit: 85 vars -- new circuit: 50 vars.

Starting advanced dimension reduction...
Advanced dimension reduction completed in 0 min 0 sec.
old circuit: 50 vars -- new circuit: 36 vars.

Randoms removed. old circuit: 36 vars -- new circuit: 26 vars.

Circuit with 21 variables
total_wires = 180
secret_count = 2
output_count = 1
random_count = 10
share_count = 5
all_shares_mask = 31
contains_mults = 1
has_input_rands = 0
mult_count = 25
Dependencies:
  0: { [ 0 0 0 0 0 0 1 0 0 0 0 0 0 0 0 0 0 0 0 0 1 1 0 0 0 0 0 0 0 0 0 0 0 0 0 0 0 ] 6 6  }  [r21]
  1: { [ 0 0 0 0 0 0 0 1 0 0 0 0 0 0 0 0 0 0 0 0 0 0 1 1 0 0 0 0 0 0 0 0 0 0 0 0 0 ] 10 10  }  [r31]
  2: { [ 0 0 0 0 0 0 0 0 1 0 0 0 0 0 0 0 0 0 0 0 0 0 0 0 1 1 0 0 0 0 0 0 0 0 0 0 0 ] 18 18  }  [r41]
  3: { [ 0 0 0 0 0 0 0 0 0 1 0 0 0 0 0 0 0 0 0 0 0 0 0 0 0 0 1 1 0 0 0 0 0 0 0 0 0 ] 12 12  }  [r32]
  4: { [ 0 0 0 0 0 0 0 0 0 0 1 0 0 0 0 0 0 0 0 0 0 0 0 0 0 0 0 0 1 1 0 0 0 0 0 0 0 ] 20 20  }  [r42]
  5: { [ 0 0 0 0 0 0 0 0 0 0 0 1 0 0 0 0 0 0 0 0 0 0 0 0 0 0 0 0 0 0 1 1 0 0 0 0 0 ] 24 24  }  [r43]
  6: { [ 0 0 1 0 0 0 0 0 0 0 0 0 0 0 0 0 0 0 0 0 0 0 0 0 0 0 0 0 0 0 0 0 1 0 0 0 0 ] 1 1  }  [c0]
  7: { [ 0 0 1 1 0 0 0 0 0 0 0 0 0 0 0 0 0 0 0 0 0 0 0 0 0 0 0 0 0 0 0 0 1 0 0 0 0 ] 1 1  }  [c0]
  8: { [ 0 0 1 1 1 0 0 0 0 0 0 0 0 0 0 0 0 0 0 0 0 0 0 0 0 0 0 0 0 0 0 0 1 0 0 0 0 ] 1 1  }  [c0]
  9: { [ 0 0 1 0 0 0 0 0 0 0 0 0 1 1 0 0 0 0 0 0 0 0 0 0 0 0 0 0 0 0 0 0 0 1 0 0 0 ] 3 3  }  [c1]
 10: { [ 0 0 1 0 0 0 1 0 0 0 0 0 1 1 0 0 0 0 0 0 0 0 0 0 0 0 0 0 0 0 0 0 0 1 0 0 0 ] 3 3  }  [c1]
 11: { [ 0 0 1 0 0 0 1 1 0 0 0 0 1 1 0 0 0 0 0 0 0 0 0 0 0 0 0 0 0 0 0 0 0 1 0 0 0 ] 3 3  }  [c1]
 12: { [ 0 0 0 1 0 0 0 0 0 0 0 0 0 0 1 1 0 0 0 0 0 0 0 0 0 0 0 0 0 0 0 0 0 0 1 0 0 ] 5 5  }  [c2]
 13: { [ 0 0 0 1 0 0 1 0 0 0 0 0 0 0 1 1 0 0 0 0 1 1 0 0 0 0 0 0 0 0 0 0 0 0 1 0 0 ] 7 7  }  [c2]
 14: { [ 0 0 0 1 0 0 1 0 0 1 0 0 0 0 1 1 0 0 0 0 1 1 0 0 0 0 0 0 0 0 0 0 0 0 1 0 0 ] 7 7  }  [c2]
 15: { [ 0 0 0 0 1 0 0 0 0 0 0 0 0 0 0 0 1 1 0 0 0 0 0 0 0 0 0 0 0 0 0 0 0 0 0 1 0 ] 9 9  }  [c3]
 16: { [ 0 0 0 0 1 0 0 1 0 0 0 0 0 0 0 0 1 1 0 0 0 0 1 1 0 0 0 0 0 0 0 0 0 0 0 1 0 ] 11 11  }  [c3]
 17: { [ 0 0 0 0 1 0 0 1 0 1 0 0 0 0 0 0 1 1 0 0 0 0 1 1 0 0 1 1 0 0 0 0 0 0 0 1 0 ] 15 15  }  [c3]
 18: { [ 0 0 0 0 0 1 0 0 0 0 0 0 0 0 0 0 0 0 1 1 0 0 0 0 0 0 0 0 0 0 0 0 0 0 0 0 1 ] 17 17  }  [c4]
 19: { [ 0 0 0 0 0 1 0 0 1 0 0 0 0 0 0 0 0 0 1 1 0 0 0 0 1 1 0 0 0 0 0 0 0 0 0 0 1 ] 19 19  }  [c4]
 20: { [ 0 0 0 0 0 1 0 0 1 0 1 0 0 0 0 0 0 0 1 1 0 0 0 0 1 1 0 0 1 1 0 0 0 0 0 0 1 ] 23 23  }  [c4]
 21: { [ 0 0 1 1 1 1 0 0 0 0 0 0 0 0 0 0 0 0 0 0 0 0 0 0 0 0 0 0 0 0 0 0 1 0 0 0 0 ] 1 1  }  [c0]
 22: { [ 0 0 1 0 0 0 1 1 1 0 0 0 1 1 0 0 0 0 0 0 0 0 0 0 0 0 0 0 0 0 0 0 0 1 0 0 0 ] 3 3  }  [c1]
 23: { [ 0 0 0 1 0 0 1 0 0 1 1 0 0 0 1 1 0 0 0 0 1 1 0 0 0 0 0 0 0 0 0 0 0 0 1 0 0 ] 7 7  }  [c2]
 24: { [ 0 0 0 0 1 0 0 1 0 1 0 1 0 0 0 0 1 1 0 0 0 0 1 1 0 0 1 1 0 0 0 0 0 0 0 1 0 ] 15 15  }  [c3]
 25: { [ 0 0 0 0 0 1 0 0 1 0 1 1 0 0 0 0 0 0 1 1 0 0 0 0 1 1 0 0 1 1 1 1 0 0 0 0 1 ] 31 31  }  [c4]

Multiplications:
 0:  0 *  6   [r21 * c0]
 1:  1 *  5   [r31 * r43]
 2:  0 *  7   [r21 * c0]
 3:  2 *  5   [r41 * r43]
 4:  0 *  8   [r21 * c0]
 5:  3 *  5   [r32 * r43]
 6:  0 *  9   [r21 * c1]
 7:  4 *  5   [r42 * r43]
 8:  1 *  7   [r31 * c0]
 9:  2 *  6   [r41 * c0]
10:  1 *  8   [r31 * c0]
11:  3 *  6   [r32 * c0]
12:  1 *  9   [r31 * c1]
13:  4 *  6   [r42 * c0]
14:  2 *  8   [r41 * c0]
15:  3 *  7   [r32 * c0]
16:  2 *  9   [r41 * c1]
17:  4 *  7   [r42 * c0]
18:  3 *  9   [r32 * c1]
19:  4 *  8   [r42 * c0]
20:  0 *  5   [r21 * r43]
21:  1 *  6   [r31 * c0]
22:  2 *  7   [r41 * c0]
23:  3 *  8   [r32 * c0]
24:  4 *  9   [r42 * c1]

Refreshes: 0 on input 1, 0 on input 2, 10 on output.

Checking NI ==> 1 tuples of size 0 to check...
Checking NI ==> 26 tuples of size 1 to check...
Checking NI ==> 325 tuples of size 2 to check...
Checking NI ==> 2,600 tuples of size 3 to check...
Checking NI ==> 14,950 tuples of size 4 to check...
Gadget is 4-NI.


Verification completed in 0 min 0 sec.
